0.0013587144323742
0.00288092854492766
0.0051311638510753
0.00666311015618911
0.00844184123048743
0.0108350888339428
0.0127484479526985
0.0151179613386769
0.0165934805644216
0.0191427941149355
0.0206279906301762
0.0224068442390332
0.0240663720614942
0.0260638844416867
0.028193711662513
0.0297856769466291
0.031465527435773
0.0339089865724429
0.0355576896323548
0.037295792579322
0.0395927715851304
0.041513590319012
0.043097778413437
0.0445143200863331
0.0465375594075965
0.048524469092491
0.0499974842695737
0.0517788287544599
0.0532165618153806
0.0549203806338161
0.0566291087365988
0.0586953301957656
0.0602831783026422
0.0616539713374046
0.0628062083300145
0.0646273023420586
0.0663204522570743
0.0676157701547886
0.069003379642371
0.0702595903215254
0.0715183986960098
0.0726442893929936
0.0737268397714916
0.0750375098553252
0.0764414410170504
0.0775303532174491
0.0786665842661216
0.0798052235215882
0.0808090990029882
0.08213477761748
0.0836006288355469
0.0846103163792027
0.0856215824510061
0.0864963659471644
0.0881114980855094
0.0892216010032523
0.0903335071892674
0.0912150158898489
0.0920976418602441
0.0931675573301846
0.0940061354869659
0.0949394226562661
0.0956404575686976
0.0972325648139115
0.0982650680388043
0.099017009478329
0.099958141702733
0.101136399947566
0.102033542344576
0.102837581396217
0.103879563191112
0.104780963181502
0.105826166310472
0.106587277019459
0.107111044512043
0.10773067729567
0.10863751483064
0.109689430033369
0.110551346309639
0.111510367891704
0.112038441460813
0.112855419540643
0.113625379873058
0.114589015980512
0.115360854667369
0.116085208748339
0.116762003628658
0.117681772194327
0.118409002708957
0.119137239749381
0.119963764208118
0.121083737641896
0.121912760404476
0.12308485813721
0.124308152610743
0.124798076463737
0.125386465137361
0.126073656620151
0.126909174090498
0.127401149556409
0.128287671214641
0.129521005982754
0.130311551953215
0.130806056324021
0.131201889480654
0.131944850879224
0.13283750022581
0.133482810728323
0.13407901551867
0.134825110742136
0.135323176777496
0.135771833358008
0.136320688658497
0.136970072035807
0.137670168588163
0.138270876299036
0.139173206428745
0.139926204304213
0.14047898401568
0.141132916482633
0.142089874480211
0.142594071481849
0.143654045802514
0.144159393875227
0.144867617265106
0.145475308704497
0.146235667319288
0.146743144431332
0.147200183537973
0.147911666970389
0.148165939065389
0.148929416756237
0.149693854301272
0.15056141863928
0.151174512040797
0.151736978209489
0.152299851382338
0.152658270399671
0.153427040125914
0.154299445083319
0.154813200469957
0.15537884893247
0.155996502608729
0.156563209597739
0.157130413301391
0.157904461872046
0.158420943671846
0.159144574579776
0.159765440037883
0.160490601582746
0.160905384319278
0.161735828001631
0.162359378082644
0.162931508192919
0.163243802774171
0.163556299968731
0.163973162675874
0.164338104350569
0.165277415417334
0.165747506849906
0.166427077818678
0.166897953815233
0.167369144772785
0.167683426978065
0.168312371306411
0.169046840402745
0.169519482947981
0.170045058886655
0.170413197867417
0.170939408798882
0.171465990663939
0.171992934652726
0.172520264130513
0.172995138908965
0.173470389455819
0.17436915066432
0.17516325889241
0.176117507232411
0.17680768420274
0.177498613847898
0.177924240332771
0.178776459304027
0.179256314875343
0.179789922158401
0.180270501900177
0.181072084489954
0.181606912310256
0.182195657854807
0.182677824785529
0.183213981841256
0.183857995260244
0.184663790987622
0.185147661737931
0.185739519415838
0.186278042545161
0.186601391047466
0.187518445743952
0.188004546752519
0.188436891370249
0.189194035073091
0.189735356250615
0.190168772342636
0.190982166431655
0.191633592642331
0.192394153335045
0.192883442628332
0.193209862438644
0.193699866722776
0.194081183634584
0.19451729418196
0.195062879729411
0.195445066717821
0.195936803252247
0.19659301695247
0.197249773216157
0.197852371627758
0.198345847918432
0.198675058914345
0.199169203450968
0.19999341243416
0.200653453421491
0.201314114729987
0.202085858267949
0.202693012665937
0.203300656558846
0.203853518757835
0.204572858448031
0.204960468074672
0.205736342498175
0.206235660714418
0.207013093342457
0.207457705191509
0.208013963875766
0.208570709243955
0.209406698151811
0.209908756277862
0.210467024372558
0.210913987868246
0.211305332469326
0.21192078667291
0.212312690631566
0.212872856767114
0.213545574657993
0.214387400232518
0.214892959729329
0.215511458891974
0.216130687059582
0.216468723156858
0.217032622440485
0.217484118666553
0.21816206403934
0.218614482456668
0.219010662149413
0.21952053050782
0.219747265074003
0.220200993696102
0.220371233000349
0.220882230931103
0.221791752401129
0.222360825518748
0.22293048613687
0.223215474506033
0.223899932118039
0.224585131611445
0.225099495482505
0.225671519701239
0.226530515611893
0.226817129778614
0.227161244782256
0.227505510262339
0.227964763913597
0.228539246593124
0.229114241016225
0.22986248574571
0.230496162134945
0.231014986415069
0.231361031432613
0.231707242925076
0.232226934837393
0.232862827944913
0.233325828390654
0.234252696408932
0.234948618888664
0.235587197636119
0.236052023869374
0.23692451211679
0.237157369406358
0.237739869667865
0.238789603680486
0.239198192174167
0.239957569804507
0.240600975916178
0.241127862594521
0.241537964383927
0.242124234547415
0.242828468421016
0.243533353027203
0.24406248002649
0.244415494484005
0.24512198369127
0.245357623462182
0.245829226937461
0.24636019689143
0.247186935374707
0.247423325041336
0.24801465793367
0.248428839023766
0.249376545664154
0.249910249064039
0.250503734016811
0.251275918397157
0.25163259520949
0.252584688176005
0.252882552640014
0.253597907615983
0.254194591573342
0.254851453351184
0.255508770259981
0.256286295169998
0.256884942731506
0.257604220323808
0.25808415780486
0.258744568871991
0.259585784791232
0.260187204582552
0.260668694918512
0.261150527309276
0.261934247837236
0.262356626871215
0.262658539604028
0.263081504443127
0.263625722453823
0.264170458224727
0.264836879348241
0.265685969038807
0.266353779515386
0.267143789494841
0.267508670059701
0.268299723590858
0.268908751790047
0.269579271807398
0.270189599618186
0.270800519521221
0.271779016069744
0.272574974241873
0.273003874255414
0.273739734724744
0.274046580445027
0.274783512682427
0.275152264457022
0.275521213828697
0.275952028010065
0.276444706455317
0.277122640605503
0.277369307186452
0.277986582125275
0.278357334568184
0.278666469938257
0.279037583447149
0.279780402010469
0.280338026600999
0.28120621036505
0.282075389558154
0.28244818925669
0.283132050630791
0.283567502852965
0.28400316761017
0.284563645272774
0.285186856127143
0.285748276979991
0.286247685103378
0.286747413223525
0.28731001965862
0.287935622298562
0.288624297071826
0.289062832195753
0.289627056689213
0.290129087323006
0.290883239231324
0.291575440363323
0.292142355972592
0.292772780012302
0.293403772232381
0.293719491078935
0.294288100706981
0.295047168137355
0.295300400632485
0.29561707382418
0.296314129050622
0.296631158640447
0.297138737222129
0.297900870032005
0.298472904102826
0.298790896210752
0.299427313079751
0.300255497575889
0.301020820135094
0.301467753483669
0.302106734410203
0.302746433027417
0.303002536186529
0.303835493017239
0.304348528459594
0.304990285077213
0.30569687042523
0.30608260114646
0.306339909303757
0.307112559784428
0.307563633498997
0.308014923159903
0.308466447546692
0.309111981831714
0.309822942355434
0.310405176525139
0.311052711432024
0.311635994978106
0.312025081174251
0.312544166084669
0.313063621509692
0.313518492722056
0.313778575753271
0.31410389755663
0.314754901712978
0.315210899569223
0.315732355475471
0.316645802239932
0.317233537469167
0.317887094446959
0.318279593432916
0.318999714227087
0.31932725147837
0.319851666243241
0.320376504904746
0.320704734628451
0.321493256716363
0.322282700276561
0.322875307491966
0.32307294427687
0.323732207075777
0.324128018686166
0.324854070473461
0.325448523969149
0.326043618126245
0.326506842487475
0.327169115711176
0.327566871828349
0.327832187294074
0.328695158879629
0.329160241679729
0.329758751037153
0.330357786847706
0.330890752554604
0.331424200949298
0.332024806714846
0.332759656526795
0.33336155563315
0.333897001900331
0.334767894116952
0.335304264318616
0.335841022179394
0.336646951285928
0.337319221837757
0.33812684785242
0.338868077504351
0.339205294771746
0.339812692503554
0.340285631638233
0.341029651902112
0.341774466710084
0.342181040278724
0.343130574232148
0.343673666679607
0.344013298519831
0.344625114424753
0.345169432178252
0.345850366250597
0.346327406432497
0.347282390863376
0.34762372435859
0.347965189190342
0.348922188339009
0.349469720602631
0.350086218920085
0.350771790516753
0.351252059897349
0.3519386576945
0.352557138089251
0.35303852521258
0.353726768528742
0.354622461536701
0.355243502460411
0.355865086314075
0.356418007755686
0.356971268303955
0.357455717383576
0.357871229263152
0.358356382328803
0.359258383177413
0.359952953059041
0.360369957235989
0.360717620245097
0.361274172158333
0.361691849862634
0.362040165375307
0.362458396104585
0.363156035274883
0.363295625931494
0.364203542110795
0.364413245036107
0.365112709023795
0.365462698451953
0.365742821211637
0.366794285587976
0.367425904390223
0.368339059289302
0.368901490334795
0.36974602829382
0.370450599915993
0.370944167412865
0.371579284099913
0.37221498882462
0.372709811871976
0.373204914238912
0.373629557512925
0.374196099794555
0.374692174918462
0.374975804228403
0.375543353352949
0.375827274760142
0.376182333619748
0.377034990014506
0.377817361683225
0.37838684807141
0.378814318253451
0.379527322359322
0.380383784676158
0.380955310735956
0.38174219934806
0.38210028603276
0.382673674572143
0.383462767604047
0.383893523505064
0.384324543165361
0.384827829041351
0.385331576503611
0.386051827571523
0.386844886459357
0.38749445571101
0.388650614279378
0.389373977474471
0.389808280412065
0.390170482328699
0.39067786035645
0.391475758002835
0.392274607051101
0.393074193178927
0.393801732186129
0.394602755674397
0.394821356094723
0.395331703843685
0.395915370526062
0.39628038301455
0.397010827638818
0.397449374768255
0.398034490669702
0.398620054999944
0.399352648736864
0.40015927725217
0.40074640464353
0.401040124670004
0.4014073887634
0.401774817904639
0.402289567252456
0.403172873276259
0.404278605423702
0.404868962797512
0.406124861228017
0.406938598498941
0.407382867763747
0.408272394462806
0.408791759845336
0.409014496037062
0.409460180920077
0.409980537949107
0.410724630039116
0.411171418726082
0.412140528245464
0.412812174508942
0.413484583845307
0.414382384371881
0.414681850344627
0.415580867431163
0.416406216417372
0.416931918256258
0.417608354902055
0.41843604174093
0.41926461139123
0.419641546915796
0.419792370602598
0.420320556695841
0.42100020750505
0.421453645411604
0.422285794811139
0.422891686299453
0.423953425019947
0.424561022161813
0.425397346044625
0.426006169530677
0.427073073666472
0.427607037087442
0.427988728985512
0.429135021216508
0.429823553826448
0.430665955184792
0.431125946597826
0.431816499775609
0.432200528087488
0.432969320958899
0.433046248585385
0.433661936403618
0.434046997535832
0.434817653849446
0.435666368136601
0.436129695799864
0.436361487181772
0.436747992432226
0.437521717042069
0.43821876528806
0.43883906890888
0.439227022654875
0.439925849896518
0.440936302234787
0.441325298481871
0.441870227168371
0.442649314369377
0.443117209715216
0.44374149449422
0.444991445385663
0.445773618171625
0.446321528574088
0.446948120626092
0.447261632455262
0.447889134977504
0.448753008958821
0.449224648865378
0.450011275122978
0.450641163508586
0.451271502939836
0.452139001388305
0.45253367657335
0.453007513230347
0.453718837021919
0.454588992652217
0.454905627937113
0.455380802782912
0.456094113112779
0.457046424873038
0.457523141922527
0.458398179634166
0.459035226142395
0.459832266475738
0.460310835926808
0.460949455896191
0.46166858241026
0.461748542853954
0.462388612753705
0.462468661843989
0.463029218732485
0.46359018216792
0.464552719925042
0.465275425882684
0.466079198039085
0.466561943028134
0.467286557711456
0.467608778999313
0.468253654929304
0.46873774824214
0.469141358294253
0.469949250997975
0.470596185265628
0.470919898962134
0.471243727443183
0.471729674476694
0.472378026148994
0.473026945278752
0.473432817785544
0.474082812430789
0.474977474305923
0.475791585508787
0.476769563407139
0.477830210969151
0.478483691264892
0.479056003738863
0.479628716194664
0.479874282203122
0.480365613232763
0.481595193896086
0.482251795969891
0.482909027379344
0.483731397903332
0.484225431928196
0.484802192744847
0.485709198376587
0.486369488238161
0.486947822835776
0.487940266299652
0.489099700130657
0.490012259470474
0.490261336431444
0.490925945192816
0.491424790293118
0.492090540734619
0.492590386303009
0.493424236115705
0.494175605798638
0.494677041594575
0.495597120284199
0.496183169128423
0.496685778684392
0.497608142640395
0.497943838372126
0.49861582143167
0.499709076202905
0.50063530013136
0.501562732559937
0.501984673215519
0.503082771137925
0.503590140716794
0.504013221491371
0.504521230658203
0.5053686335249
0.50570788648916
0.506217118155927
0.50681182427972
0.507322006825087
0.507832761477784
0.508429054168763
0.509025791034035
0.509452287557822
0.510391226043098
0.5108183406997
0.51150219483991
0.512101138716248
0.512700702721825
0.513558055391469
0.514673926253852
0.51544735285738
0.516221549530101
0.516652049171846
0.516996678252648
0.517255240257118
0.517772565381513
0.518807948157347
0.519239766619347
0.519758387029263
0.520190823466863
0.52088330441677
0.521489744104443
0.522009867833372
0.52244352471081
0.523137755280546
0.523919514770981
0.524615147306958
0.525137401271971
0.525921551070081
0.526619243831371
0.527492410361261
0.528104286719778
0.52854170826684
0.529592577063155
0.529943259371485
0.530645266752381
0.531084309257679
0.53178721365142
0.532314752625988
0.532754699182239
0.533723476580806
0.534870305995102
0.53593035123934
0.536726317015655
0.537345856146737
0.538142970435639
0.538586263326252
0.539295973342698
0.539917570777277
0.540450821202941
0.541607300647015
0.542408960078204
0.543211494206726
0.543479195377203
0.544282917439789
0.544819175442879
0.545624443711214
0.546161754719842
0.546520142240292
0.547147619880922
0.54831441547147
0.549033399168425
0.549393140303316
0.550203196187205
0.551014135950914
0.552096577370912
0.552367437105976
0.553542162382191
0.554084989991977
0.554537722963734
0.55526265204861
0.555353312583424
0.555806765775232
0.556351229241833
0.556623624256217
0.557441632711621
0.558169587891028
0.558807093414146
0.559809898680604
0.560266106330065
0.560722538983245
0.561362016267853
0.562276671053246
0.563375605953358
0.564017454734629
0.564476199077476
0.565118917921545
0.565762345513832
0.56649848165379
0.567511744999333
0.567972779627186
0.56861872728779
0.569357527002147
0.569727134614275
0.570374313908254
0.570651826886862
0.571114543866307
0.571948120698133
0.572226162039233
0.572875285105148
0.573246428021456
0.573617716918647
0.57436074209065
0.575197451776462
0.575569738574145
0.57640820357284
0.576781147197293
0.577900893524319
0.578181060100022
0.578554782427133
0.579115719171212
0.579958062318233
0.580426367791672
0.580988617044412
0.581457443616938
0.582020400221337
0.583053328895478
0.583993480299221
0.58484055545832
0.585782802433348
0.586254267152251
0.587103649795465
0.587386988138091
0.587764952457899
0.58861597691361
0.589373222656161
0.590036395581032
0.590605261595892
0.590984725230804
0.591649140820117
0.592979357670847
0.59393085915228
0.594311823981324
0.594979097313012
0.595456175338093
0.596124574381981
0.596889181213732
0.597176153756018
0.597654600674791
0.598420685016724
0.598612325708791
0.599667121224884
0.599859055822563
0.600243066696332
0.60062726394796
0.601203864508771
0.601781029395293
0.601877278824662
0.602744066755892
0.603129599702228
0.603708250285447
0.604673504641128
0.605833500856404
0.606317439662581
0.607092566598508
0.607383471315627
0.608062581781004
0.608742212175015
0.60932520221674
0.609714072186724
0.610394966509916
0.611076505445137
0.611758755849164
0.612344068191585
0.613222990614054
0.613809628608414
0.614886657309647
0.615867166514493
0.616456041828206
0.617438337216311
0.618224963233815
0.618815430049229
0.619012362232459
0.619603562914252
0.620491348597951
0.620985042670603
0.621380246137169
0.62207226670049
0.622764911243267
0.623854788133908
0.62464848306964
0.625542238358739
0.626138653595213
0.626536538861986
0.627432430632264
0.628030176096505
0.62902729494727
0.629426456439981
0.629825932304078
0.630625445383749
0.63122557365437
0.631826184611439
0.632327121596152
0.632928794144637
0.633731745589231
0.634133423973539
0.634937326676027
0.635339557393299
0.635641376446977
0.636346296253452
0.637152848363937
0.6377582917624
0.638162183905278
0.638566260231442
0.639172666523051
0.639880629246469
0.640589241935637
0.641501188012358
0.642008296765399
0.642515754286378
0.643633419110249
0.644548838317908
0.645261418395614
0.646382404111884
0.646586467295579
0.64699485317819
0.647607979411707
0.648426220643637
0.649142842905929
0.649757599077991
0.650988394501836
0.651604517356174
0.65273513873599
0.653146628185882
0.653970295936877
0.654794738251881
0.656342870182476
0.657066486805576
0.657583791520477
0.659034416067922
0.659449483293936
0.659761006325862
0.660280476684827
0.661216314054749
0.662361414550889
0.662986675214973
0.66350813034963
0.665074721409787
0.665283824398961
0.665702148032158
0.666225358393692
0.666958650605052
0.667587850972773
0.66811267312284
0.6687428871994
0.669478651983465
0.669794153967624
0.670215025921258
0.670530841727771
0.671057519230441
0.671795535263958
0.672534409841644
0.673273958458452
0.674331638054633
0.674755112962421
0.675178833885258
0.675390878309465
0.675921286612265
0.676345879402009
0.677195896302856
0.677940599196772
0.678472982024271
0.679005849020868
0.679645704119634
0.680179335770835
0.680713481779894
0.681141171562177
0.681676113768793
0.682318425079298
0.682961246124098
0.683390249552355
0.683604813529492
0.684034094332569
0.684356301512888
0.685538861264288
0.685969290527932
0.687046483297157
0.687262118665969
0.688233337403344
0.689313936597559
0.690071201410541
0.690937372778081
0.69169596289672
0.692780978425099
0.693432673146649
0.694628828005485
0.695282131676455
0.695935927705383
0.696372080569818
0.696808425714528
0.697463321608777
0.698009570072934
0.698556266894377
0.698993950745931
0.700308272407999
0.701075862153593
0.702612795021248
0.703492287230325
0.704042445893659
0.704703360934176
0.704923826367905
0.705254729351269
0.705696129664803
0.706137766129164
0.707353645677519
0.707796213023236
0.708903727953822
0.709347226481105
0.710345857906685
0.710678952314681
0.711012160588721
0.711567767316279
0.712457635713953
0.713571195120387
0.714686286845763
0.715244451564237
0.715802954641278
0.716026485187811
0.71636193155169
0.717256959466136
0.717816764822366
0.719273791897183
0.719610345791028
0.720059312118389
0.720620828400146
0.721520013357842
0.722307744580966
0.723096323350716
0.723772891425976
0.723998601417888
0.724788993110345
0.725693190780697
0.726371966633253
0.727051475579759
0.727618041546071
0.728298326822873
0.728752321424571
0.729433790737283
0.730343178280541
0.731481094579284
0.732392486138579
0.733419194474319
0.734104421352449
0.734790406832876
0.73593531974991
0.736393773232894
0.737426175794624
0.738344925404957
0.738689762866282
0.73926489748532
0.739955856436834
0.740878215431052
0.741339774431354
0.742379281288629
0.742610458645688
0.744114476407447
0.745157385795408
0.745273376534721
0.745853591227211
0.746666679553264
0.747131731728899
0.747829936081894
0.748762147972931
0.749812010987085
0.750863255745892
0.751681820014394
0.752266947467331
0.752384015500222
0.753204191384204
0.753790675822643
0.75473027969906
0.75543593703901
0.755906815911954
0.756967239957311
0.757439040816972
0.758501598876881
0.758974388561663
0.759802590758914
0.760039426567356
0.760394824559376
0.761106057646234
0.76205553306121
0.762768762540935
0.763244606128958
0.763601757189187
0.764078220647057
0.764435724593821
0.765509132062129
0.766464755129146
0.767062662424715
0.767900519196205
0.768739232436451
0.76921902634781
0.769819131532386
0.770539730778346
0.771381260334576
0.771862582741476
0.772946884769424
0.774153238452411
0.774878100912391
0.775724726772723
0.776572430915134
0.777178539010816
0.777785180001228
0.778149362595877
0.778513690435953
0.779121302333277
0.779972867824472
0.780338075306105
0.781191058278973
0.781434935761143
0.782167169963645
0.783144604234692
0.783511426921396
0.784245514733937
0.784857652277969
0.785347705321925
0.785715550348569
0.786329124980485
0.786697473995042
0.787311854054794
0.787680729550104
0.787926759923835
0.789034772501266
0.789527761719908
0.789897720922344
0.790391298598817
0.790761834907792
0.791503361657372
0.791874387458311
0.792617161540327
0.792988886777018
0.79360880220997
0.794601881208296
0.795596547390106
0.796094434626706
0.796717255561773
0.797215911638377
0.798339160635788
0.798964038263622
0.800465872181454
0.801092453526885
0.801343227154824
0.801844949305034
0.80259812517526
0.802975013486671
0.803603633173494
0.804358607933381
0.805240279542721
0.805996743088643
0.806627631722999
0.807511768753864
0.80814399064388
0.809030072895711
0.809410149047692
0.809917283446044
0.810170959078374
0.81067854730745
0.81105943831539
0.811567592046029
0.812457552883596
0.813476013573389
0.813858252472366
0.814623305912557
0.814878529840211
0.815133875782897
0.815772965105161
0.816668759959312
0.817437352820301
0.818591623275661
0.819490431861693
0.819618910151363
0.820261650810953
0.821162175068979
0.82206347184276
0.822965956920817
0.823611397279623
0.823999027515667
0.825033612557199
0.825163043999268
0.825551542195095
0.826199434970834
0.826718085220786
0.826847834600942
0.827107378674935
0.827886445944191
0.828536309785143
0.82892649723399
0.829837738231169
0.830619671699623
0.830750087082699
0.831532982395015
0.831794078017357
0.832839212980156
0.833492959635634
0.834147065003945
0.834801551196974
0.835325469308425
0.836374265115517
0.836636652330491
0.837293051026708
0.838081628809623
0.838607697395047
0.839134091133287
0.839792690989263
0.840451995867356
0.841111834590267
0.84203664683825
0.843227029277146
0.843756560162393
0.844816745565867
0.845878472367576
0.846675826522409
0.847207799157666
0.848006264641255
0.848672109417644
0.8496050934192
0.850138677092271
0.850806143458355
0.852008761351699
0.852543681570089
0.853212680610655
0.854284450643785
0.855089491461487
0.856030065172496
0.85670276721517
0.857241274157288
0.858049746784698
0.858993725583504
0.85953372521237
0.860479985064894
0.860885992716936
0.86183438131464
0.862376777896832
0.863055245909038
0.863462572181346
0.863734268648175
0.864413993665429
0.865911864550037
0.867139549593016
0.867412619276776
0.868232218069202
0.869463174800653
0.870010846015636
0.870559048071685
0.870696209028497
0.871519690776093
0.872343933911185
0.87330652412508
0.873719357071789
0.874959099179118
0.875786790347932
0.876339121707593
0.876753732072687
0.877306893713722
0.877998977184025
0.878968827824952
0.879384863059149
0.880217798654229
0.881191026573636
0.882026178757351
0.882722726399171
0.88328033119152
0.883838439594848
0.884396818423883
0.885235150785883
0.885794589634687
0.88677448760955
0.88719471562994
0.887895377409666
0.888316013541842
0.888596581380326
0.889158079050552
0.889860481022146
0.890282142190304
0.890844597554113
0.891688894539598
0.892533979794974
0.893520889805726
0.893944099534671
0.895074010557149
0.895639630745825
0.896347115629272
0.897621944593565
0.898756887908995
0.899609333227046
0.900178221003377
0.901317177935002
0.902030219269032
0.902315569195195
0.903172116985263
0.903886605706923
0.904172595801523
0.904744867902367
0.905317557460218
0.905890642372862
0.90617735887266
0.906894524041865
0.90746879200508
0.908762775092664
0.90905073146235
0.909627158286141
0.910925476917995
0.911503092617581
0.91179201697804
0.912225565809892
0.912804242188061
0.913383274859015
0.91454253525143
0.915413062796878
0.916429855029035
0.917447680276542
0.91817530984472
0.919049300393458
0.920215979846339
0.920799798647433
0.92138398535968
0.922553459215714
0.923431656446449
0.924457717248085
0.925044970277539
0.925779878516091
0.926810177685289
0.927841651488565
0.928431500202073
0.928874103344062
0.929464573774656
0.930203326416558
0.930646949494297
0.931683232625407
0.93272063139726
0.933017258636989
0.934056330691543
0.934502056669562
0.935542931378364
0.936138246749857
0.936436037776256
0.936734018487692
0.936883050396037
0.938374601983535
0.938972020737023
0.939420377222379
0.940018650957787
0.940767004681351
0.941665751762629
0.9425652879263
0.943015374958791
0.943465740593819
0.944367174512623
0.944667890590959
0.944818316644294
0.945269758313501
0.946324023047746
0.946776122413498
0.947077630420457
0.947681009679823
0.948285247677884
0.948587558065278
0.949192504395299
0.950252244090351
0.951010279739972
0.951920947171589
0.952832913158729
0.954050411522273
0.954659841593397
0.955728225396123
0.956491887048981
0.957256149286877
0.957715220057173
0.958480989037319
0.958787528967408
0.960168279753779
0.961089963089394
0.962628411717885
0.963244593854476
0.963707117939424
0.964787569286299
0.965251039782185
0.965714791267041
0.966488587925252
0.96710808754532
0.96772792785884
0.96772792785884
0.968503544795393
0.969435145479817
0.970056819361277
0.970834625359971
0.971613249690089
0.97254885573729
0.973329328840757
0.974579627745705
0.97473607445543
0.975675996615787
0.977088119015677
0.977716420689397
0.978345156896943
0.978816957862242
0.979918899376238
0.980549204493493
0.981179974890613
0.981653341786433
0.982126897038453
0.983074764238513
0.984023669466268
0.984973675818877
0.985290690165183
0.986559921880386
0.98767233273827
0.988626855098416
0.989263820304041
0.98974183303176
0.990379688855245
0.991017885681029
0.991976117948715
0.992295764471398
0.99341527858739
0.993895519617342
0.994857162550005
0.996301868407763
0.996944763454499
0.997588158071576
0.99855416335483
0.999360198441798
0.999682873837731
1.00049012161226
1.00129796462084
1.00259182262519
1.00307763355848
1.00356368593736
1.00421216552548
1.00469889818257
1.0051859227769
1.00632326258697
1.00697393483652
1.00778805986476
1.00925572429286
1.01039906734573
1.01088957453582
1.01154399239614
1.01219905839281
1.01383856307321
1.01465957105212
1.01581045410014
1.01663348630007
1.01729224628465
1.01795146710767
1.01828131957006
1.01910659609772
1.0192718200874
1.02009846807485
1.02092571964049
1.02158786806575
1.02258206047643
1.0234114319082
1.02390937337609
1.02490620662317
1.02607085162614
1.02640384726923
1.0269035679753
1.02740372964398
1.02773740549857
1.02840521253436
1.02873936287381
1.02957548671961
1.03024486500151
1.03108221813957
1.03158509674289
1.03275975152837
1.03427197939308
1.03460831061142
1.03511310875475
1.03578657406756
1.03662914460215
1.03747314121142
1.03814897098227
1.03899422516428
1.03933252798524
1.04000960644325
1.04051776905778
1.04085677171804
1.04170474170499
1.04255385640491
1.04357408893463
1.04442512349848
1.04527697364266
1.04561798202779
1.04630042600781
1.04664186652458
1.04766688750422
1.04835101736018
1.04886464084824
1.04972139321542
1.05075016684292
1.05109328532536
1.05177985426818
1.05229503347159
1.0528106020505
1.05332651220485
1.05435941251673
1.05522102737068
1.0557383398647
1.05694631797035
1.05746449750571
1.05798306894357
1.05815602995523
1.05902141073762
1.06006122759576
1.06127590998028
1.06162325614232
1.06249211241417
1.06353582243291
1.06423228145596
1.06475495284286
1.06527792623538
1.0668487638482
1.06789761624822
1.06824752785915
1.06912350651517
1.06982527007962
1.07000078653192
1.07070315954207
1.07193360127222
1.07298972807615
1.07316588394417
1.07422359391301
1.07510628556299
1.07616657417466
1.07687409509152
1.07740510387006
1.07775927086167
1.07811357329489
1.07846802442729
1.07882259246701
1.07953206155091
1.08059756358614
1.08184247333583
1.08273288754693
1.08273288754693
1.08308942883539
1.08380297430344
1.08380297430344
1.08416014131367
1.08505367165292
1.08559028582324
1.08612723902872
1.0873817429511
1.08845877689023
1.08881802991364
1.08989638497286
1.09043598406866
1.09079595672019
1.09133618533215
1.0915163150349
1.09241752934595
1.09295871987947
1.09313922570425
1.09386170298323
1.09494645109169
1.09548950364131
1.09657665318563
1.09730204738895
1.09839117948914
1.09911801041655
1.09966340405505
1.10020912272842
1.10075548692694
1.10130225345995
1.10221409121353
1.10312669091885
1.103309359114
1.10404050381204
1.10440630499866
1.10513835137526
1.10587100251699
1.10642095203035
1.10752195577365
1.10917580813657
1.11009604547845
1.11046446014329
1.11120169839309
1.11230858879504
1.11323202025079
1.11378662391025
1.1145265711792
1.11545277975289
1.11693617698687
1.11823593298663
1.11972394069279
1.12065532871884
1.12121460251752
1.12196086957183
1.12270790071194
1.12326867842234
1.12401694969984
1.12476589497757
1.12514061428535
1.12570304968753
1.12645363687888
1.12739289702827
1.12776888936446
1.129086312965
1.13021702575426
1.13134900181399
1.13191559716308
1.13267179013785
1.13305014824001
1.13342886338468
1.13361830432195
1.13418700987619
1.13475600857286
1.13475600857286
1.13513555046958
1.13608515122098
1.1364653322876
1.13741684513815
1.13836971281418
1.1387511367926
1.13894188396168
1.1398960997029
1.14066020078461
1.14180765406193
1.14314828371714
1.14410710064837
1.14564331808926
1.14679705615635
1.14718207452813
1.14853126100746
1.14930365965958
1.15007713661104
1.15085131344522
1.15162605594613
1.15240147430539
1.15337178957191
1.15414921689739
1.15492722760813
1.1551218243587
1.15570593129006
1.15648514681683
1.15706988431257
1.15745987613301
1.15843552649142
1.15843552649142
1.15882608136757
1.15921690207805
1.159998910046
1.16039015359189
1.16136897181899
1.16156484583761
1.16176077253419
1.16293730372612
1.16411533128194
1.16450833754188
1.16529480666634
1.16706734266682
1.16746195032935
1.16864757880208
1.16983513802381
1.17062775223615
1.17102431302786
1.1722150106034
1.172810896728
1.1740035850653
1.17499891457573
1.17539755493208
1.17639491638247
1.17679404926212
1.17739301204717
1.1779923822651
1.17819227917708
1.17859218189473
1.17939251225643
1.17979292203055
1.18059424505379
1.18139627141298
1.18179752667739
1.1819982299806
1.18280165805156
1.18300261552766
1.1838068403559
1.18461178310027
1.18501464800556
1.1858210131296
1.1866284334445
1.18743651931896
1.18804339111989
1.189055714117
1.19006916285923
1.19088067950008
1.1920991967335
1.19270902780961
1.19433746047563
1.19454131572152
1.19515321955185
1.19576540078154
1.19617376815484
1.19658248509871
1.19699155026098
1.19740092228285
1.19863051740405
1.19965683279918
1.20027303826537
1.20088953606423
1.20191801019596
1.20315377287089
1.2039784585906
1.20439112766234
1.20501052942458
1.20563034222875
1.20583701495523
1.2062504935558
1.20728574802933
1.2074929750311
1.20832270185262
1.20915338451208
1.20956897122939
1.20998471851965
1.21144128396032
1.21290058727257
1.21331801201807
1.2141536987579
1.21499013140068
1.2154086334099
1.21708427630926
1.21771342320633
1.21813337821615
1.21855356725229
1.22002587298604
1.22044698481599
1.22128988777352
1.22192246958642
1.2221334421063
1.22255550957952
1.22340022383503
1.22488070020233
1.22509240753961
1.2255159189419
1.2269997055895
1.227211830401
1.2278487194585
1.22869853589041
1.22997479523078
1.23040060049237
1.23125306256457
1.23167960289123
1.23231965186968
1.23317405866079
1.23445752108041
1.2353144303548
1.23595781253505
1.23617237908353
1.23681636243941
1.23746070997812
1.23810553238838
1.23918119655101
1.23939650875103
1.23982736323429
1.24112087109877
1.24219995432904
1.24306417438271
1.24414568288277
1.24457864615454
1.24501200441972
1.24544557677361
1.24631360015007
1.24718263465569
1.24783509628625
1.24805270872996
1.24848804985622
1.24892369961302
1.25001366043353
1.25132307227143
1.25219703011843
1.25263442532253
1.25329085173601
1.25350982274076
1.25482506633364
1.25548348127597
1.25614244719856
1.25724179910143
1.25834297284626
1.25944625904965
1.26055137345617
1.26121522245661
1.26187945971335
1.26320943264845
1.26498626856815
1.2663212032475
1.26765789669125
1.26765789669125
1.2687732737518
1.26899652209828
1.26944316263586
1.27033699977253
1.27123146271024
1.27190290685644
1.27212683645895
1.27279887878818
1.27302308335229
1.27369608709831
1.27436972326176
1.27504390088874
1.27526884163372
1.27571896719062
1.27639471154211
1.27729644938518
1.2777475483833
1.27842454443364
1.28023192479583
1.28045803771252
1.28068424433838
1.28091054287779
1.28136337601641
1.28204307443518
1.28226974851873
1.282496549529
1.28295038075518
1.28408570499613
1.28408570499613
1.28499501335414
1.28636030369737
1.28681576832321
1.28727162746814
1.28841253867951
1.28909767330586
1.28978335320751
1.29115625065283
1.2916142564241
1.29230155687166
1.29390712444344
1.29436637972197
1.29482594958158
1.29482594958158
1.29528592826418
1.29620664630906
1.29689770456315
1.29735856093761
1.29851178611003
1.29966624789828
1.30082228834444
1.30174799883006
1.30197957105346
1.30313848493357
1.30337044631752
1.30406677448024
1.30569401240478
1.30592662768764
1.30685799722292
1.30755713311043
1.30825665313741
1.30895669865372
1.31012568556714
1.31129605034675
1.31176464348647
1.31199910154009
1.31246819746609
1.31411207636476
1.31458233289247
1.3157593462338
1.31693773012568
1.31764551679592
1.3178815507315
1.31929959630004
1.31929959630004
1.3197731231666
1.32048403112123
1.32095845660683
1.32214564924179
1.3226209613847
1.32309652691262
1.32404857129266
1.32428671113289
1.32547837128863
1.32643299445093
1.32691083723607
1.3271498757314
1.32786753242555
1.32834641774555
1.3288256992899
1.32978510003846
1.33146640295214
1.3324285091458
1.33266925798827
1.33291010720055
1.33363286011259
1.33459738219296
1.33580532213308
1.33677306157331
1.33822677459428
1.33919735625843
1.34041249926995
1.34065583672069
1.34089932262294
1.34187411459642
1.34309371505334
1.34358197674186
1.34431475645608
1.34480359300483
1.34529270112855
1.34602699743944
1.3477426514855
1.3479879701976
1.3492153194609
1.34970676237853
1.35069076044153
1.35142940118433
1.35216849549335
1.35315497768529
1.35340183167396
1.3538958756648
1.35439045441309
1.35488532538415
1.35513287629292
1.35587612685472
1.35686792645475
1.35736409270461
1.35786044955348
1.35835733283322
1.35935222746128
1.35960110826401
1.36084643447852
1.36109568481723
1.36184373318003
1.36209318765732
1.36334142718559
1.36409134897162
1.36434151379357
1.36559352551039
1.36684706367541
1.36759975963546
1.36835308236176
1.36860431070194
1.36910718931897
1.36986187903111
1.37011359095203
1.37086923946578
1.37213039959197
1.37314087433784
1.37465844540468
1.37541834352163
1.37567189354498
1.37719482748356
1.3779573119438
1.37872027901468
1.37973923652727
1.38050450318859
1.38127043555275
1.38254827207924
1.38357175424809
1.38434033053119
1.38459673823893
1.38485321868474
1.38562290994718
1.38664993088908
1.38716379657819
1.38793509669793
1.38844962417839
1.38973706260241
1.38999475260558
1.39051057126835
1.39128485270393
1.39257651391372
1.39309367057378
1.39387022976365
1.39438856856317
1.3954261612885
1.39594538025403
1.39646487507746
1.39672474846511
1.39802597474038
1.39854721372174
1.3998514765941
1.4014191280807
1.40194229538715
1.40246576865465
1.4035133727914
1.40377538447139
1.40508634146986
1.40561119999885
1.40666237331113
1.40771491342165
1.40824176202981
1.40850541688439
1.40876925684444
1.4098257264182
1.41114837877486
1.41141325150336
1.4122081097605
1.41273826601249
1.41300340588456
1.41353402151204
1.41406492879433
1.41459617791505
1.41539371589994
1.41592576381163
1.41699056467719
1.41752342703697
1.41832328869364
1.4191236210666
1.41939056887182
1.42019165007794
1.42126050050341
1.42179532845481
1.4223307291547
1.42313432816493
1.42420692499208
1.42447524188163
1.42608671401249
1.42662433414011
1.4277006094675
1.42796986447149
1.42904756364146
1.42985660739042
1.43039646481364
1.43120698071626
1.43310066889704
1.43391364901313
1.43472717194535
1.4360847067717
1.43690011734611
1.43744434453179
1.43962475573172
1.4398976637873
1.4401706611178
1.4407167900424
1.44099007491881
1.44181040529616
1.44263138564175
1.44263138564175
1.44345349629669
1.4440019749729
1.44455100384998
1.44565042366569
1.44592590725692
1.44675280495333
1.44813217520828
1.44868447517371
1.44896074753767
1.45034426357445
1.45089830747561
1.45283976730744
1.45311744437106
1.45478524770713
1.45534190970207
1.45562042983414
1.45645642288401
1.45673528291654
1.45757275573372
1.45785211990199
1.45869091138465
1.45869091138465
1.45925094766108
1.46065252459133
1.46149481703779
1.46261916965465
1.46346314552891
1.46346314552891
1.46374462234723
1.46430781980334
1.46487158602296
1.4668475453308
1.46713012515269
1.46826096302414
1.46911004892338
1.46996019004583
1.4708113255574
1.47251586179319
1.47336924446692
1.47450825020827
1.47479321105915
1.4759341081853
1.47650516955649
1.47764838133831
1.47822075092129
1.4790798836612
1.47993976714452
1.48080035315728
1.4816619828296
1.48223678045582
1.48252423213156
1.4836748344119
1.48453884792808
1.48511527580497
1.48540374510516
1.48655882217085
1.48684810114614
1.48800635646058
1.48800635646058
1.48887619410267
1.48974683453718
1.49032752553539
1.49061798932705
1.49090857632494
1.49178076193125
1.49236256201375
1.49265359974371
1.49381923469107
1.49527907326585
1.49586383554465
1.49703493660015
1.4973279466171
1.49762109626329
1.49820782821
1.49938259768625
1.49997047507209
1.50085300752251
1.50232573211201
1.50291531084422
1.50321023464047
1.50439088372078
1.50527745727358
1.50557323580358
1.50586934197851
1.50735136829456
1.5088353022806
1.51002392072187
1.51061875051073
1.51091644161218
1.51210840528633
1.51240664092286
1.51300352599067
1.51360086279308
1.51389968233961
1.5144977177701
1.51479682902767
1.5168934517638
1.51779340863946
1.51869386508635
1.52019583506283
1.52139865090505
1.52169961149185
1.52290424069178
1.52350710219758
1.52471374910289
1.5262239916437
1.52773669446858
1.52955538899725
1.53046593312869
1.53168135859411
1.53228966594109
1.53350775624354
1.53350775624354
1.5344223690862
1.53533779366625
1.53655959958651
1.53686523922745
1.53778293562119
1.53870149852273
1.53992736051629
1.54023420981346
1.5405411008937
1.54115534769219
1.54300050023893
1.54330833479629
1.54361623440416
1.54454067602947
1.54484919231388
1.54608448546
1.54670320073364
1.54732239872039
1.54825181367928
1.54887185115171
1.54887185115171
1.54980309361493
1.55073531464327
1.5516686517594
1.55291457752187
1.55478675854691
1.5572878188533
1.55885372951401
1.55948073824104
1.55979451243711
1.56073646378388
1.56105067855903
1.56230926740749
1.56262418916197
1.56293922489183
1.56356964613944
1.56420042466559
1.5654635210994
1.56641188576587
1.56767787908821
1.56894597737099
1.57021588653375
1.57085158614676
1.57148780477627
1.57244262688535
1.573079596841
1.5737169596111
1.57435502876852
1.57467419153055
1.57595177014562
1.57787070092988
1.57915177214834
1.58075455846616
1.58139628537894
1.58203844344901
1.58268099630388
1.5833238981486
1.58428883691709
1.58461064395912
1.58557664049677
1.58589889315204
1.58686640498921
1.58686640498921
1.58751226719869
1.58848167578518
1.58848167578518
1.58977591568164
1.59042383889806
1.59139667430227
1.59204576099629
1.5923705222268
1.59334527041176
1.59399553214038
1.59464621634522
1.59497174820092
1.5959490196237
1.59725371664096
1.59888745547867
1.59954203861258
1.60019729114979
1.60085307725246
1.601509269604
1.60216596814491
1.60380941292704
1.60380941292704
1.60479667760463
1.60545570827696
1.60611554927762
1.60677593900701
1.60710631699612
1.60743684941724
1.60776767461958
1.60909228798393
1.60942387988677
1.60942387988677
1.61141687111646
1.61174948463208
1.61308134247541
1.61374818043503
1.61408179667459
1.61508325380709
1.61575135064845
1.61641975697861
1.61708860162716
1.61742337894397
1.6184288974092
1.61943513697114
1.62044197405385
1.62077770246223
1.6214495370928
1.62178563741663
1.62313136996904
1.6234682116606
1.62414224533106
1.62481683164872
1.62549186627055
1.6258295460326
1.62684333387555
1.62751966210806
1.62751966210806
1.62785797149049
1.62921311572836
1.63124961774142
1.63158942686865
1.63261018769941
1.63397273249043
1.63499595200134
1.63567884755187
1.63738834318313
1.63738834318313
1.63807318305845
1.63910129194937
1.63978712826322
1.64115976783105
1.6421900596238
1.64287736838854
1.64322120624202
1.64356515098192
1.64528688048455
1.64666652502566
1.64735714873434
1.64943121803546
1.6508156542093
1.65116195388207
1.65220133365105
1.65289503627349
1.65289503627349
1.65358963054374
1.65428489749694
1.65463278032393
1.65498076350228
1.65602596766734
1.65707225698729
1.65742127629504
1.65811974221435
1.65846909620398
1.65951793191467
1.66021823376611
1.66056852978834
1.66197099714102
1.66232187113697
1.66302399476731
1.66443004448622
1.66478188778478
1.66513379655435
1.66619112235397
1.66654402730154
1.66689699041975
1.6672500252619
1.66795654240322
1.66795654240322
1.66937191589866
1.67008074819681
1.67114541093773
1.67221109473301
1.67327781219437
1.67398963045828
1.67434596470792
1.67577242684376
1.67684343606887
1.67720066841002
1.6782734858098
1.67863144833415
1.68006409318793
1.68078122080946
1.68149900862902
1.68185810041516
1.68185810041516
1.68257681589186
1.68329601910147
1.68401565131548
1.68437559759238
1.68509600731851
1.6858170106661
1.6872604835521
1.68762164176473
1.68942944402698
1.69015357891971
1.69051583530999
1.6912407897996
1.69160352173107
1.6930560150172
1.69378311477749
1.69414688255823
1.6945109490173
1.69560390736472
1.69596865381788
1.69706409996872
1.69816102876385
1.69852693914681
1.69889319670356
1.69925977490486
1.69999334374572
1.70036033948443
1.70146261508946
1.70219823179367
1.7025662168687
1.70330316134255
1.70367181878717
1.70440940987728
1.70514747293967
1.70773481889615
1.70995795405365
1.71107171366476
1.71181496013997
1.71293097295822
1.71554062461081
1.71591410568599
1.71628765912975
1.71666140542484
1.71815832412676
1.71890775072134
1.7196577863321
1.72040837832612
1.72040837832612
1.72040837832612
1.72191225052705
1.72228867440806
1.72304196296915
1.723418919922
1.723418919922
1.72417343202093
1.72568482911021
1.72644160473166
1.72682045924082
1.72719943946577
1.72795801711745
1.7287174212928
1.72909770333287
1.72947822100663
1.7306212388952
1.73176597677138
1.73252977291393
1.73405901441573
1.73482469027981
1.73635744204214
1.73635744204214
1.73674103285955
1.73750863090963
1.73866172271685
1.73866172271685
1.73904660321457
1.73981664415476
1.74135884971699
1.74213089271553
1.74367719794018
1.74445141033079
1.74483882808397
1.74600209272034
1.74716655697633
1.7479437823339
1.74949989910174
1.75027860862021
1.75144771139305
1.75261848587504
1.75339977099121
1.75418161029832
1.75535578670359
1.75613954586953
1.7573165023646
1.75849538088607
1.75967568637505
1.76046330025624
1.76204053422963
1.7632256543113
1.76362108412998
1.76441226749967
1.76520410255928
1.76560027435394
1.76560027435394
1.76639364186571
1.76798349473952
1.76838135807488
1.76877931316931
1.76917739734139
1.76997412904447
1.7707718346055
1.77197096362825
1.77237123964866
1.77357351500324
1.77397459523994
1.77477762135424
1.77517962544907
1.7755817462503
1.77598403623695
1.77678910495651
1.77759512285307
1.77880510200662
1.77920871989052
1.77920871989052
1.77920871989052
1.78001700610785
1.78123039345553
1.78285023515406
1.78366101104043
1.78406686593977
1.78528527283123
1.78650512292559
1.78731925890678
1.78854140813379
1.78854140813379
1.78976510122987
1.79058174439205
1.79139891224014
1.79221664907752
1.7934448428009
1.79426489926525
1.79508591479205
1.79549702682726
1.79631971298379
1.79673139363555
1.79755521501744
1.79879277126693
1.79920568801807
1.79961869810857
1.80127239574469
1.80168619324329
1.80292867819455
1.8037581432129
1.80500342779854
1.80541879946527
1.80666609565
1.80791527167522
1.80833218676698
1.80958459112027
1.81167543608888
1.81167543608888
1.81167543608888
1.81251354021342
1.81335302389669
1.81377319870299
1.81419366748309
1.81461443024003
1.8162998000587
1.81798865309849
1.81798865309849
1.81925767282645
1.8205283952932
1.82095224448603
1.82137626705647
1.82180067860519
1.82265071316039
1.82307593615353
1.82392707081198
1.8243527876031
1.82477892221279
1.82563192118534
1.82605867750077
1.82734000324372
1.82776737229314
1.82819493820669
1.82947886597621
1.83076453791965
1.83162241804218
1.83291131835642
1.83334130237423
1.83549425576329
1.83592547350841
1.83722068504934
1.83808508914389
1.83894999475469
1.83938285430527
1.84068353546288
1.84111745288218
1.84155165203939
1.84198627141521
1.84329108782008
1.84459723695438
1.84590512674776
1.84677818868579
1.84721506677188
1.84808927526715
1.848964537921
1.85071763274998
1.8511562944285
1.85203447579622
1.85291374767736
1.85335379674535
1.85511581434966
1.85643992393825
1.85688191453614
1.85688191453614
1.85688191453614
1.85865254311264
1.85909563955825
1.85998248601412
1.86042626971784
1.86087042859742
1.86220434740533
1.8630947056011
1.8639857234102
1.8639857234102
1.86443184694366
1.86443184694366
1.86487843545854
1.86621926124324
1.86666657643947
1.86756165816535
1.86845798552793
1.86935579373891
1.86935579373891
1.87070403344832
1.87160380906208
1.87205405576148
1.87295539546006
1.8734065478876
1.87385827148524
1.87521507562912
1.87566775436215
1.87657374023066
1.87748057173213
1.87793443133017
1.87884264667073
1.87929716863215
1.8797519772299
1.88066189064509
1.8811170059677
1.88248311798019
1.88385206582307
1.88476579670438
1.88613794829139
1.88705367202004
1.88934632896423
1.89072513966956
1.89118506125304
1.89164526128526
1.89256670821352
1.89256670821352
1.8944131445812
1.89533798080199
1.89626343706205
1.89718956720825
1.89811665149676
1.8990449272213
1.89997400903594
1.90090381293981
1.90136889549804
1.90276526077142
1.90369688135823
1.90416297422366
1.90509601306433
1.90696421252005
1.90836742058837
1.9088354330108
1.9088354330108
1.91024081559951
1.91024081559951
1.91117912388521
1.912118167376
1.91258796303574
1.91305818779834
1.9140000378595
1.91447121528505
1.91541419216668
1.91635792960294
1.91730245114768
1.91730245114768
1.91824781344103
1.92061556345785
1.92298858463214
1.92393926141367
1.92441494349149
1.92489107640776
1.9267988431121
1.927276638169
1.92871128446658
1.92919024282238
1.92966946860752
1.93062878989564
1.93158940859325
1.93255096822379
1.93351336604134
1.93447640177093
1.93544047462845
1.93592288233314
1.93640562738301
1.93688874483703
1.93785565703113
1.93833935129013
1.93882320557426
1.93979153205199
1.94173089208596
1.94270204800383
1.94416160612692
1.94562404939626
1.94611199536602
1.94660013642006
1.94806669590812
1.94953473552802
1.95051418432127
1.95100418136667
1.95149439233096
1.95198492562678
1.95198492562678
1.95345946148698
1.95395163423754
1.9544439615736
1.95542908708425
1.95740185761588
1.95789571069683
1.95838996539805
1.96037060769638
1.96235640068796
1.96384816898478
1.96434604210043
1.96484403896671
1.96534229853241
1.96584109489512
1.96584109489512
1.96683998925209
1.967339832738
1.96784004288511
1.96834043864069
1.96884119383969
1.96934243669598
1.96984389987351
1.97084758916291
1.97134988115361
1.97235503004614
1.97336081552933
1.97386407615037
1.97487183833336
1.97588083903413
1.97638596557439
1.97739675167548
1.97790242678729
1.97840828536911
1.97891477525007
1.97942146045932
1.98043601197248
1.98196087413217
1.98246987097821
1.98399828049012
1.98450804783637
1.9865500012326
1.98706117115773
1.98808409254474
1.98859643343028
1.98910906063238
1.98962198656049
1.99013524447734
1.99013524447734
1.99064932367438
1.99219373991727
1.99270917812769
1.99425702239253
1.99529038771489
1.99632499019421
1.99736173324235
1.99788071121889
1.99839994525784
1.99891957743077
1.99996031721486
2.00048111339185
2.00100211205826
2.00152337219599
2.00204483025714
2.00256695338303
2.00308959334663
2.00413587685431
2.00465941621504
2.00570746282031
2.00623183031611
2.00728116860865
2.0078063025658
2.00833168371281
2.00991052122805
2.01043739361232
2.01149213147032
2.01202004690199
2.01307635312988
2.01360504035617
2.01572268224941
2.01678311085896
2.01731396044656
2.018376192968
2.0189075546963
2.01943940260208
2.02103685367051
2.02157008565707
2.02263764393196
2.02317188668822
2.02317188668822
2.02370642325546
2.02477613658005
2.02531149259693
2.02584711517879
2.02745594974504
2.02852965460179
2.02906682922662
2.02906682922662
2.02960436980621
2.03014211416581
2.03014211416581
2.03068073705063
2.03121979734371
2.03175923549811
2.03337951387994
2.0339203260513
2.034461398438
2.03554408303825
2.03662794200017
2.03825518473823
2.03879803464283
2.04042804750212
2.04097194225505
2.04260655670952
2.04315217957656
2.04369843529617
2.04533908592295
2.04588652339077
2.04643431342606
2.04753067011261
2.04807917600585
2.04862789794613
2.04917688728324
2.04972597025657
2.0502753815617
2.05082487999027
2.05137480271207
2.05192559637962
2.05247666213971
2.05247666213971
2.05302826875737
2.05358009700444
2.0546847613306
2.05523778791781
2.05579124553701
2.05689901401421
2.05800802578453
2.05856275723951
2.05967333758366
2.0602289706353
2.06134132554487
2.06245453498076
2.06301181176621
2.06301181176621
2.06356974461541
2.06412838097164
2.06468766911324
2.0663675588875
2.06748931655542
2.0680505107789
2.06917339616306
2.0702974121682
2.0708601739173
2.07255106380638
2.07255106380638
2.07311572088684
2.07368052110996
2.07424576718556
2.07537675570679
2.07537675570679
2.07650925999878
2.07764234061285
2.07764234061285
2.0782094806326
2.0782094806326
2.0787770943511
2.07934499163057
2.08048195008846
2.08161996457711
2.08161996457711
2.08218968298577
2.08275984726383
2.08333030519185
2.08333030519185
2.08390116045228
2.08447257265445
2.08504435414161
2.08561665861685
2.08676200137564
2.08733527039195
2.0884834673508
2.08963300204752
2.09078344662839
2.09135909223516
2.09193503060474
2.09308778271172
2.09366462208719
2.09424167621861
2.09481932307671
2.09539726020159
2.09655439114429
2.09713326800673
2.09771224392156
2.10003074292594
2.10061122387338
2.10119217032449
2.10177440806173
2.10235702848062
2.10294013529848
2.10410707249556
2.10469104301677
2.1058597649983
2.10644473072739
2.10703012669732
2.10820225188698
2.10878872337273
2.10937565307761
2.10937565307761
2.10996334764442
2.11055123370622
2.1111397478887
2.11231763620537
2.11290684249937
2.11290684249937
2.11349673579555
2.11408711162178
2.11526836832952
2.11704216117281
2.11704216117281
2.11822702644758
2.12000627662185
2.12059985821029
2.12178836387071
2.12238331647089
2.12357383115974
2.12357383115974
2.12416969748414
2.12476593076608
2.1259593216525
2.12715444056753
2.1277531525169
2.12835206341652
2.12955087805066
2.1301506947557
2.1301506947557
2.13075107884496
2.13255502729633
2.13315681086785
2.13556795147789
2.1361715997307
2.13738043274366
2.13798532167083
2.13859059273853
2.13919635055897
2.14162327861972
2.14223071916767
2.14283849275483
2.14344712314356
2.14405620441125
2.14466579165391
2.1464968596872
2.14710776233714
2.14710776233714
2.14771924547355
2.1483311959791
2.1483311959791
2.14955721260687
2.15017086418747
2.15201377495238
2.15385958661399
2.15509188475016
2.15509188475016
2.15694295539981
2.15817872224807
2.16003547990575
2.16189693762502
2.16313947699106
2.16438366429278
2.1656299732305
2.16687742436843
2.1675014657858
2.16812591337032
2.16937604113316
2.17000170453785
2.1706278959462
2.17125440674908
2.17313584246488
2.17376358794453
2.17502109983464
2.17565021594795
2.1762794015392
2.17690901816323
2.17816953170655
2.17880074856418
2.18006460011329
2.18069747492252
2.18133107499149
2.18196523006621
2.18259969869261
2.18323436303584
2.1845045375353
2.18577570012895
2.18704867865047
2.18960189980894
2.19152277173703
2.1934491066875
2.19409209360836
2.19473554853652
2.1979565280678
2.19860159104254
2.19924711045698
2.20118583873948
2.20183308012618
2.20183308012618
2.20183308012618
2.20378192207425
2.20443227749178
2.20508292548396
2.20508292548396
2.20508292548396
2.20638793292811
2.2070413505106
2.20834971013742
2.20965964398858
2.21031524372998
2.21097131997905
2.21162762838114
2.21359846368334
2.21425631625855
2.214914695321
2.21623313262713
2.21689336635956
2.21755375081478
2.21887565643481
2.22019907750299
2.22086119273593
2.22086119273593
2.22218785085084
2.22418222569511
2.22551511904087
2.22618240077007
2.22751840953572
2.22885733371534
2.2295271648237
2.23086864834842
2.23154030825765
2.23288544095972
2.2342325258456
2.23558212710263
2.23760907822895
2.23828543858605
2.23828543858605
2.2396397131455
2.24031731076259
2.24099580400984
2.24303397477507
2.24439507149781
2.24507747964278
2.24576018500552
2.24712700341888
2.2478110893666
2.2491806746247
2.25192718505758
2.25192718505758
2.25330470762719
2.25537451902029
2.25606569210276
2.25675718961944
2.25744941931402
2.25814213439914
2.25883567888196
2.26022402951402
2.26091874389333
2.26091874389333
2.2616146396517
2.26300808655135
2.26440410518924
2.26510286368923
2.26650271120606
2.2686067594904
2.26930915217923
2.27001233679828
2.27142092066803
2.2721262966024
2.27283209290864
2.27424484868297
2.27565982818815
2.27707732819642
2.27778656096778
2.27849640908402
2.27991784166977
2.28134081288077
2.28205292769396
2.28276582013121
2.28347975502739
2.28562792326336
2.28706339399621
2.28850062995117
2.28850062995117
2.28922062077684
2.2899410877265
2.29066203768829
2.29138368179507
2.29282902733407
2.29355247347353
2.29355247347353
2.29355247347353
2.29500189115967
2.29645312356217
2.29717972919303
2.29790737607416
2.29863563784378
2.29936446402162
2.30009394450692
2.30155464968695
2.30228576532124
2.30301820442167
2.30375144179604
2.30521895297043
2.30595417769726
2.30595417769726
2.30742734631205
2.30890254131286
2.30964095942057
2.31038069250224
2.31186125958137
2.31260279519447
2.31557801074562
2.31632263065034
2.31706770296618
2.31781300269095
2.31855896361585
2.31855896361585
2.3193059513513
2.32005324037798
2.32080097641418
2.32154937054458
2.32154937054458
2.32304825799975
2.32454978129332
2.32530237406093
2.32756423617607
2.32831922155477
2.32831922155477
2.32907547732172
2.329832300863
2.33058965393383
2.33134729214414
2.33134729214414
2.33210581259606
2.33286455026494
2.33362418447239
2.33438446070599
2.33514641437366
2.33590870438204
2.33743456689343
2.3381985231469
2.33896280425952
2.33896280425952
2.34049334083889
2.34125928501453
2.34125928501453
2.34125928501453
2.34279511775443
2.34356417460191
2.34510347806166
2.34510347806166
2.34587388260819
2.34587388260819
2.34664478168545
2.34664478168545
2.34664478168545
2.34741654031643
2.34896098727502
2.34896098727502
2.34896098727502
2.3505094522822
2.35206131905772
2.35439520999533
2.35517499334907
2.35751840822106
2.35830049363465
2.35986666650927
2.36065068002128
2.36143520354902
2.36143520354902
2.36300771689772
2.36379497601313
2.36458248763219
2.36616023686271
2.36774118101641
2.36853252118142
2.36853252118142
2.36932446456749
2.3701168449254
2.37090996555433
2.37090996555433
2.37170406235266
2.3732940566681
2.37568288328549
2.37807709231538
2.37887658583152
2.37967703068359
2.38047775005965
2.38208127112871
2.38208127112871
2.38288430965273
2.38449477064701
2.38610721958559
2.38610721958559
2.38691452641401
2.38934022582226
2.39177087592743
2.39339468139674
2.39420743096472
2.39420743096472
2.3958357771153
2.39746639650562
2.39828256944747
2.39909977421439
2.39991739969185
2.39991739969185
2.39991739969185
2.39991739969185
2.40155634538848
2.40237681799981
2.4031977247743
2.40401976800424
2.40484239882442
2.40484239882442
2.40566651839592
2.40649171370186
2.4081466838134
2.40897513299639
2.40897513299639
2.40897513299639
2.40980577639781
2.41063751190434
2.41146956629471
2.41230259011097
2.41230259011097
2.41480727325685
2.41731937018459
2.41899725809432
2.42067743771969
2.42151873431747
2.42236135348979
2.42404841049386
2.42404841049386
2.42489329126659
2.42573840193206
2.42658378224757
2.42743009825104
2.42827720005211
2.42912471963473
2.43082105044005
2.43252006618939
2.43252006618939
2.43252006618939
2.43507516125229
2.43763381341621
2.43848825713481
2.43934350099015
2.44019904147359
2.44191161324596
2.44276883401536
2.44362635979694
2.44448439375127
2.44534332777983
2.44534332777983
2.44534332777983
2.44706376030338
2.44792600678623
2.44965240718459
2.4505172414717
2.45224930971601
2.45311612539808
2.4539834948425
2.45572080254356
2.45659048868573
2.45833271606594
2.45920480764746
2.45920480764746
2.46007793378097
2.46182589797376
2.46270129262228
2.46445561769383
2.46533333531221
2.4662117178942
2.46709078625886
2.46797053623384
2.46885064899188
2.46973108628382
2.47061195602596
2.47149316746328
2.47237528484109
2.47325794947897
2.47414139185868
2.47502584548468
2.4759110498144
2.47768314593333
2.47945841697793
2.4812366265421
2.48302007392972
2.48570006481824
2.48659537090132
2.48749182670713
2.48749182670713
2.48838974177962
2.48928890203789
2.49018853211943
2.49018853211943
2.49018853211943
2.49018853211943
2.49109142997353
2.49199494096436
2.49199494096436
2.49380652475061
2.49471377111111
2.49562138939488
2.49652938439112
2.49834810953921
2.49925816483514
2.50016891571293
2.50108092545037
2.50382141701052
2.50565310327243
2.50657061487744
2.50748878608247
2.50840785652774
2.51024885425869
2.51117037746408
2.51209326248693
2.51394171941596
2.51672140471469
2.5185792327311
2.5185792327311
2.51951012651937
2.52044175774342
2.52137446539038
2.52137446539038
2.52324386637526
2.52418023415396
2.52511747868889
2.52699360288343
2.52793369319753
2.5298189215898
2.53170750557371
2.53265329263018
2.53359942891861
2.53454628324462
2.53549401017867
2.53644221452692
2.53834103078721
2.53929136427799
2.5402437201622
2.54119704511519
2.5421512451789
2.54310646898618
2.54406280047132
2.54406280047132
2.54502052258541
2.54597992519442
2.5479008178018
2.5479008178018
2.54886263249709
2.55175302053476
2.55271845126688
2.55465052918566
2.55561798425171
2.55755433164457
2.55949424327085
2.56241192439122
2.56338622804594
2.56436146653139
2.56631489654245
2.56729326815076
2.568272569086
2.56925354333763
2.57122003289746
2.57220484218075
2.57319053820177
2.57319053820177
2.57417770904344
2.57516677547191
2.57615727320695
2.57714858398813
2.57814054286978
2.57814054286978
2.57913350229488
2.58311412113841
2.58411144206189
2.58510959000222
2.58711017383849
2.58811204974242
2.58811204974242
2.59011843978894
2.5911223072519
2.5911223072519
2.59212727022783
2.59313301714853
2.59514751589688
2.59716832791845
2.59818059353518
2.59919485290253
2.60020999427516
2.60122552668381
2.60224151789639
2.60325891673947
2.60427729149315
2.60733712771639
2.60835852179487
2.60938035685542
2.61040341603964
2.61142841912059
2.61245422032386
2.61348081627791
2.61450844702586
2.61553826750214
2.61553826750214
2.61553826750214
2.61760316591765
2.61760316591765
2.61760316591765
2.61863893178675
2.61967600700492
2.62175146312931
2.62175146312931
2.62383553069934
2.62592353300857
2.62592353300857
2.62696962983387
2.62801707846721
2.62801707846721
2.63011890062081
2.63222370992384
2.63327761988736
2.63538971003799
2.63750661437029
2.63750661437029
2.63856653231154
2.63962860001274
2.64069252576099
2.64069252576099
2.64175920714727
2.64282671589112
2.64389483485652
2.64496369321695
2.64603327178751
2.64710448716702
2.64924896468925
2.65032214064228
2.65247218815707
2.65462583385536
2.65462583385536
2.65570487853254
2.65678465420804
2.65786575472716
2.65786575472716
2.66003426939582
2.66112002392404
2.66112002392404
2.66329501243192
2.66438356533626
2.66547315704107
2.66547315704107
2.66656481815901
2.66765797382503
2.66875141353038
2.670946624542
2.67204663028568
2.6731469998706
2.67424885748444
2.67535244260737
2.67645701633316
2.67756269997711
2.67756269997711
2.67867060224431
2.67867060224431
2.6797793041804
2.68088973258288
2.68200209817319
2.68200209817319
2.68311651241478
2.68423193865355
2.68534898690177
2.68758619503791
2.68870690595319
2.68982833927575
2.6909519284631
2.69207585845404
2.69320140741415
2.69545648490023
2.69545648490023
2.69771803300064
2.69771803300064
2.69885114910957
2.69998537159148
2.70112049856052
2.70339584059835
2.70453568163041
2.70567644108661
2.70681800714874
2.70796114842648
2.7091049944972
2.71024980104526
2.71024980104526
2.71254605093178
2.71369563645695
2.71484623674783
2.7159978313009
2.7171506723071
2.72061565040183
2.7217736419934
2.7217736419934
2.72293402721237
2.72409515840535
2.72642093105809
2.72758653985222
2.72875343727381
2.72992150952133
2.73109063259958
2.73226037084174
2.73226037084174
2.73343432974417
2.7346103977989
2.7369678852979
2.73814859790348
2.74051486908685
2.74169927060129
2.7440728525958
2.74526124111473
2.74645048529148
2.74645048529148
2.74764176721585
2.7500276085035
2.7500276085035
2.75122535255977
2.75242446864636
2.75362493436614
2.7548274035488
2.75603054283319
2.75603054283319
2.75603054283319
2.75965179784316
2.76086076396949
2.76207168174468
2.76328503739906
2.76328503739906
2.76449958551491
2.76571531739238
2.76693160561486
2.76693160561486
2.76814999770707
2.76814999770707
2.77059473672144
2.77059473672144
2.77182104815748
2.77427668926943
2.77550608420198
2.77673820887954
2.77673820887954
2.77797250037561
2.77921076722156
2.77921076722156
2.77921076722156
2.78045311928307
2.78294141271483
2.78294141271483
2.78418865114237
2.78543655348981
2.7879385441425
2.78919099436821
2.79044471249763
2.79169991496179
2.79295626595191
2.79421407643271
2.7954733707871
2.7954733707871
2.79673407236899
2.79799612014121
2.79925986477392
2.80052585519077
2.80179423047212
2.80433844398947
2.80688973413858
2.80944602091472
2.81072692010807
2.81200818419811
2.8132901146885
2.81714372737843
2.81843091099763
2.8197187280586
2.82100869276852
2.82229980303868
2.82359239916507
2.82488728353147
2.82748009512619
2.82748009512619
2.82877950580842
2.83138416573703
2.83268854773335
2.83529965098169
2.83791628762543
2.84053868765845
2.84185153354268
2.84185153354268
2.84316658163452
2.84579984209357
2.84712009846514
2.84844187195179
2.84976555330646
2.85109012596049
2.85241642841691
2.85241642841691
2.8537462104772
2.85507760814766
2.85507760814766
2.85774642308537
2.85908246509168
2.86042083972509
2.86176017789774
2.8631005389698
2.86578402039962
2.86847400352078
2.86847400352078
2.86847400352078
2.86982265593087
2.86982265593087
2.8711735132865
2.87252734727916
2.87388272584934
2.87524049697391
2.87659930818675
2.87796009314617
2.87932322575011
2.8806878957551
2.88205464122717
2.88342381123618
2.8847946947441
2.8861661546554
2.8861661546554
2.88753985060586
2.888915741448
2.89029418341133
2.89167378441487
2.89305711896976
2.8944417460058
2.8944417460058
2.89582954925491
2.89582954925491
2.89861201176796
2.9000058022601
2.90279676969044
2.90419390608917
2.90559538524216
2.90699794675054
2.90840311227368
2.90981112511883
2.91122131965471
2.91263268579548
2.91546055424073
2.91687784301331
2.91829809373322
2.91972079197149
2.91972079197149
2.91972079197149
2.92114967357904
2.92258025803126
2.92401434702728
2.92545044996867
2.92832795439628
2.92976974537229
2.93121274472376
2.93555187081507
2.93700335695718
2.93845744122632
2.93991472510363
2.94283866761994
2.9443038209695
2.94577106803515
2.94723949490582
2.94871037435367
2.95018223754714
2.9531332177529
2.95461352730836
2.95609837550608
2.95907641735958
2.95907641735958
2.96056932064387
2.96056932064387
2.9620676773381
2.96356934105359
2.96356934105359
2.96356934105359
2.96507372283124
2.96657985528986
2.96808688381086
2.97110538741099
2.97261609891693
2.97412926596067
2.97564327507865
2.97715880851859
2.97715880851859
2.97867675262335
2.98019727919928
2.98172043401234
2.98324553990611
2.98477256263151
2.98630226337395
2.98783392611187
2.9893674107931
2.99243901774834
2.99243901774834
2.99243901774834
2.99398111891584
2.99552429023887
2.99707049629389
2.99861755342259
3.00016709966856
3.00016709966856
3.00016709966856
3.00016709966856
3.00172412176431
3.00328509894172
3.00328509894172
3.00328509894172
3.00485155882811
3.00642011200269
3.00799028487156
3.00956440859043
3.01114004395879
3.01271763116908
3.01429834493951
3.01588300002421
3.01747048356453
3.01905993276107
3.02065052146272
3.02383683694247
3.02543225463528
3.03023110989784
3.03023110989784
3.03183487105396
3.03183487105396
3.03183487105396
3.03344147049026
3.03504887146349
3.03665812975664
3.03988219545659
3.043114671115
3.043114671115
3.04473788025939
3.04636306834509
3.05288684198435
3.05452428630512
3.05616251284755
3.05780329432871
3.05944728489116
3.06109183406971
3.06273746244393
3.06603432055604
3.06603432055604
3.06603432055604
3.06603432055604
3.06768942671687
3.06934533471088
3.07100276224081
3.0726616086149
3.07432258972241
3.07432258972241
3.07599253728217
3.07766377752656
3.07766377752656
3.07933950004984
3.08101907533484
3.08270208402201
3.08270208402201
3.08438928276258
3.08777010631043
3.08946453543921
3.09286258300101
3.09456641398654
3.09627332649183
3.09798424175945
3.09969720836737
3.10141553412437
3.10313710253617
3.10658823840959
3.10831698491159
3.11004908446467
3.11178452892539
3.11352315886213
3.11526365188236
3.1170077205416
3.12050513528367
3.12225908002638
3.12401722212211
3.12401722212211
3.12577897226337
3.12577897226337
3.12754344601248
3.12930945601053
3.13107937311879
3.1328526885214
3.13462750090908
3.13462750090908
3.13641051403973
3.13641051403973
3.13641051403973
3.13641051403973
3.13820586799563
3.13820586799563
3.13820586799563
3.14000693178567
3.14181046723094
3.14181046723094
3.14361769538193
3.14542970793752
3.14724434799258
3.14724434799258
3.14906419472897
3.15088542196775
3.15270854890587
3.15453444890345
3.15636222104149
3.15819468209699
3.15819468209699
3.16003090144982
3.1637186475239
3.1637186475239
3.16556790718354
3.16556790718354
3.16556790718354
3.16742515965406
3.17301374727834
3.17675567468398
3.17863237486718
3.18239330303947
3.18427762959151
3.18616670621222
3.18805774074369
3.18805774074369
3.18995321673375
3.18995321673375
3.18995321673375
3.19185703285568
3.19185703285568
3.19376424144487
3.19567452941678
3.19567452941678
3.19567452941678
3.19759294671111
3.19951274846314
3.20143477159413
3.2052898814627
3.2052898814627
3.20916095266298
3.21110180402678
3.21304536444203
3.21499257554313
3.21694204764834
3.21889477626317
3.22085040510493
3.22280738001343
3.22476558876655
3.22476558876655
3.22673366107538
3.22870627498359
3.22870627498359
3.23266531366433
3.23266531366433
3.23266531366433
3.23465306644214
3.23664230518113
3.23664230518113
3.23664230518113
3.23863546173105
3.24063053676853
3.24463001468031
3.24663447933771
3.24864196286601
3.24864196286601
3.25065452491471
3.25065452491471
3.25267388062443
3.25469547805649
3.25469547805649
3.25672390892236
3.25875655962279
3.2607924341035
3.2607924341035
3.26283272075938
3.26487749740901
3.26487749740901
3.26692906435873
3.26898490185001
3.26898490185001
3.2710445917444
3.2710445917444
3.27311136629599
3.27517998108795
3.27517998108795
3.27517998108795
3.27517998108795
3.2772607270442
3.27934780691699
3.28143816846847
3.28353453358499
3.28353453358499
3.28563742420171
3.2898571068689
3.2919729894543
3.29621782043667
3.29835078976404
3.30048801683124
3.30263112163042
3.3069262496228
3.30907853201173
3.31123635803027
3.31339737218888
3.31556150348921
3.31773025213373
3.31773025213373
3.31990904571247
3.32208986614114
3.32427433735357
3.32427433735357
3.32427433735357
3.32427433735357
3.32647693820763
3.32868452606217
3.32868452606217
3.33089688959786
3.33311495966773
3.33311495966773
3.33534230800876
3.33534230800876
3.33757608143933
3.33981424677451
3.34205586652197
3.34205586652197
3.34205586652197
3.34430619035774
3.3465592786133
3.3510851744892
3.35335620982417
3.35335620982417
3.35335620982417
3.35335620982417
3.35563697825691
3.35792159696422
3.3602106589241
3.36250482986915
3.36480181874821
3.36480181874821
3.36711731515637
3.36711731515637
3.36711731515637
3.36944961143151
3.36944961143151
3.36944961143151
3.36944961143151
3.36944961143151
3.37179365495837
3.37414125657026
3.37414125657026
3.37649534572322
3.3788554011239
3.38122161980224
3.38122161980224
3.38359652032705
3.3859775686367
3.38836173424882
3.39075020211834
3.39075020211834
3.39314537870533
3.39795063991582
3.39795063991582
3.39795063991582
3.40036750975681
3.40279228850788
3.40522626805406
3.40766403913922
3.41010534917633
3.41010534917633
3.41010534917633
3.41255463989687
3.41500612615927
3.41746657803853
3.41746657803853
3.41746657803853
3.41993657939938
3.41993657939938
3.42241688644651
3.42490080820124
3.42738896013066
3.43238043991063
3.43488502741715
3.43739472306717
3.43739472306717
3.43739472306717
3.43991959196326
3.44244971166708
3.44498298088109
3.4475226319823
3.450070480093
3.450070480093
3.45262565098171
3.45262565098171
3.45262565098171
3.45776564430288
3.46034925892028
3.46293670870455
3.46552658613173
3.4681259659003
3.4681259659003
3.4681259659003
3.4681259659003
3.4681259659003
3.47074521366132
3.47074521366132
3.47337489146227
3.47601143124719
3.47865217393012
3.4813003629974
3.4813003629974
3.48396196643506
3.48662965225419
3.49197767147305
3.49466135138473
3.50004954246515
3.5027512595238
3.5027512595238
3.50546111907822
3.50817401970502
3.50817401970502
3.51362497578157
3.51635684129944
3.51635684129944
3.51912104150256
3.52189139127726
3.52189139127726
3.52189139127726
3.52467763743823
3.52467763743823
3.52467763743823
3.52467763743823
3.52467763743823
3.52748038299807
3.52748038299807
3.53029292628218
3.53029292628218
3.5331210933142
3.5331210933142
3.53595662564781
3.5387976042268
3.54164575742673
3.54164575742673
3.54449861332227
3.54449861332227
3.54735816460643
3.55022743162951
3.55310880398056
3.55310880398056
3.5559992347948
3.55889678714892
3.56180575977797
3.56180575977797
3.56473923517248
3.56767583220475
3.57062029364267
3.57357162949387
3.57357162949387
3.57653454251104
3.57653454251104
3.57951853193522
3.57951853193522
3.57951853193522
3.57951853193522
3.58252404824176
3.58553179471228
3.58553179471228
3.58855503768232
3.58855503768232
3.59158813667757
3.5946307579262
3.59767676058299
3.59767676058299
3.60074499323562
3.60382068284779
3.60382068284779
3.60382068284779
3.60382068284779
3.60694013260851
3.61006711100528
3.61006711100528
3.61006711100528
3.61322328039073
3.61639256671157
3.61956561777954
3.62274197568813
3.62592093620688
3.62592093620688
3.62911699644722
3.6323240881988
3.63553918851685
3.63553918851685
3.63877804114544
3.64203088727553
3.64203088727553
3.64530666004045
3.64858549531515
3.64858549531515
3.65188638094665
3.65519239928019
3.65851484286863
3.66184189706166
3.66517773086852
3.66852338753295
3.67187154504092
3.67187154504092
3.67523506942897
3.67861597024428
3.68200365389276
3.68200365389276
3.68200365389276
3.68541253356743
3.68541253356743
3.68541253356743
3.68541253356743
3.68885757778678
3.69230909993111
3.69230909993111
3.69577537751263
3.69925009274561
3.7027324875889
3.70621912612946
3.70971357598322
3.71323064681647
3.71675096883979
3.72028656195006
3.72028656195006
3.7238413559167
3.73100055680769
3.73459759127411
3.73819949999101
3.73819949999101
3.74181106048415
3.74543047946972
3.74543047946972
3.74907306015302
3.75273873099948
3.75273873099948
3.76010762582331
3.76751683457012
3.77124524583267
3.77124524583267
3.7749960181525
3.7749960181525
3.77876313356836
3.78253810735702
3.78253810735702
3.78635364804034
3.78635364804034
3.79018290927251
3.79401703408498
3.79787000110769
3.8017446007913
3.80562644100466
3.80562644100466
3.80953428056536
3.80953428056536
3.8134642396857
3.81741274436128
3.81741274436128
3.81741274436128
3.82140716792235
3.82140716792235
3.82541550863633
3.82541550863633
3.82541550863633
3.82944118877348
3.83348440063976
3.83348440063976
3.83348440063976
3.83756268765567
3.83756268765567
3.83756268765567
3.84166535705622
3.84578532435781
3.84578532435781
3.84993465252686
3.85410052327003
3.85410052327003
3.85410052327003
3.85829460757989
3.85829460757989
3.86251478643844
3.86675784988704
3.87101789777672
3.87101789777672
3.87101789777672
3.87533664129816
3.8796696237859
3.88402229148133
3.89279695227769
3.89720884057194
3.89720884057194
3.89720884057194
3.90165246438653
3.90610240096282
3.90610240096282
3.91057654830357
3.91505874807555
3.91505874807555
3.91505874807555
3.91505874807555
3.91957688989784
3.92410590840881
3.92410590840881
3.92410590840881
3.92410590840881
3.92410590840881
3.92410590840881
3.92869940331782
3.93330812792114
3.93330812792114
3.93794636455979
3.94259285912735
3.94259285912735
3.94259285912735
3.94259285912735
3.94259285912735
3.94259285912735
3.94730423434503
3.94730423434503
3.95204870832357
3.9568101303191
3.96158751833475
3.96638613696941
3.97121316046366
3.98093143097422
3.98093143097422
3.98093143097422
3.98587266678301
3.99082993249304
3.99580311361398
3.99580311361398
3.99580311361398
4.00082422769155
4.00082422769155
4.00082422769155
4.00586773124633
4.00586773124633
4.01096484463027
4.01607965631353
4.01607965631353
4.01607965631353
4.0212288617044
4.02640165180581
4.02640165180581
4.03160640087473
4.03160640087473
4.03686498815655
4.04215186448025
4.04745692023674
4.04745692023674
4.05278869640793
4.05278869640793
4.05278869640793
4.05820692616015
4.0636513910341
4.0636513910341
4.06914533708247
4.07465578953279
4.07465578953279
4.08020516947338
4.08020516947338
4.08580005734608
4.0914074051571
4.09704620281252
4.09704620281252
4.09704620281252
4.09704620281252
4.10277091545672
4.1085158097185
4.11428161720672
4.12008432031638
4.12591439253329
4.13176417598862
4.13176417598862
4.13176417598862
4.13176417598862
4.13768945678539
4.13768945678539
4.13768945678539
4.14372360551728
4.149787502225
4.15586895869244
4.15586895869244
4.16200562742138
4.16200562742138
4.16819573429894
4.17440905841662
4.18065913275851
4.18065913275851
4.18065913275851
4.18065913275851
4.18065913275851
4.18710388730199
4.18710388730199
4.18710388730199
4.19360603079408
4.20015660618036
4.20673812870645
4.20673812870645
4.20673812870645
4.20673812870645
4.21342106363322
4.22013017610115
4.22686804148202
4.23363205322579
4.24042466329402
4.24725396984371
4.25411290715132
4.26098464103869
4.26789027113056
4.2748306546655
4.2748306546655
4.28888341220245
4.29598128733962
4.30309947161094
4.31025433491692
4.324802568199
4.324802568199
4.33214636745648
4.33953459692665
4.34697769279634
4.35447653357256
4.35447653357256
4.3620601095839
4.3696948542006
4.3773967916931
4.38512069681347
4.39295455158457
4.39295455158457
4.39295455158457
4.40090783665012
4.40892249288112
4.40892249288112
4.41698930563592
4.42510824093394
4.42510824093394
4.42510824093394
4.42510824093394
4.43342293545091
4.44176282663841
4.45861863046613
4.45861863046613
4.46717169411811
4.46717169411811
4.47580582395295
4.484498890667
4.484498890667
4.484498890667
4.484498890667
4.49335749080006
4.49335749080006
4.49335749080006
4.49335749080006
4.49335749080006
4.50246350200619
4.51163728407285
4.52087790485048
4.53017462155387
4.53017462155387
4.53955877139977
4.53955877139977
4.53955877139977
4.54907291791912
4.55866856781678
4.56840582621608
4.56840582621608
4.57819603034523
4.57819603034523
4.57819603034523
4.58808958168424
4.59806821396031
4.60817407934762
4.60817407934762
4.61854042620836
4.62895415099608
4.62895415099608
4.63951482087904
4.65020907110785
4.66101501959849
4.67188727139642
4.68285972008573
4.68285972008573
4.68285972008573
4.69408552816596
4.69408552816596
4.70550090443328
4.70550090443328
4.71710219658651
4.72879078379604
4.72879078379604
4.74068647716411
4.74068647716411
4.74068647716411
4.74068647716411
4.74068647716411
4.74068647716411
4.74068647716411
4.74068647716411
4.75331497068533
4.76607581203786
4.77890639777008
4.7918123721629
4.80479231067057
4.80479231067057
4.80479231067057
4.80479231067057
4.80479231067057
4.81809136696472
4.83146850115996
4.84497695578678
4.84497695578678
4.85866497689625
4.85866497689625
4.87261465827724
4.87261465827724
4.88675676286736
4.88675676286736
4.90109719386852
4.91568692694299
4.93048649375435
4.93048649375435
4.94563096243462
4.94563096243462
4.96127307943073
4.96127307943073
4.96127307943073
4.97741169276675
4.97741169276675
4.97741169276675
4.99406090736073
5.01091000751414
5.02792799808148
5.04507316809096
5.04507316809096
5.06263374511932
5.06263374511932
5.08076429166077
5.08076429166077
5.09926497148073
5.09926497148073
5.09926497148073
5.09926497148073
5.09926497148073
5.09926497148073
5.09926497148073
5.09926497148073
5.09926497148073
5.09926497148073
5.09926497148073
5.11965804130011
5.11965804130011
5.1413156723625
5.1413156723625
5.1413156723625
5.16405862927928
5.16405862927928
5.16405862927928
5.16405862927928
5.16405862927928
5.16405862927928
5.16405862927928
5.16405862927928
5.16405862927928
5.16405862927928
5.19194623335741
5.19194623335741
5.19194623335741
5.22205909629395
5.22205909629395
5.22205909629395
5.22205909629395
5.22205909629395
5.22205909629395
5.22205909629395
5.22205909629395
5.22205909629395
5.22205909629395
5.22205909629395
5.264256369751
5.264256369751
5.264256369751
5.264256369751
5.264256369751
5.264256369751
5.264256369751
5.264256369751
5.31947026142269
5.37680873532611
5.37680873532611
5.43792701859234
5.50108015422864
5.50108015422864
5.50108015422864
5.50108015422864
5.57840291637064
5.57840291637064
5.57840291637064
5.57840291637064
5.57840291637064
5.57840291637064
5.72309768916439
5.72309768916439
5.72309768916439
5.72309768916439
5.72309768916439
5.72309768916439
5.72309768916439
5.72309768916439
5.72309768916439
5.72309768916439
6.07799251462403
6.07799251462403
6.07799251462403
6.07799251462403
6.07799251462403